
1	M4_Carbine***********	1	4
2	SCAR-L***************	1	5
3	SCAR-H***************	2	5
4	MP7A2****************	6	2
5	UMP45****************	10	2
6	UMP9*****************	7	2
7	Five-seveN***********	5	5
8	P90******************	5	5
9	M1903_Springfield****	9	1
10	Makarov_PMM**********	8	3
11	Makarov_PB***********	8	3
12	Mosin-Nagant_M1891/30	4	6
13	Karabiner_98k********	11	7
14	MP-443_Grach*********	7	3
15	USP.45_Elite*********	10	2
16	Glock_17*************	7	9
17	Glock_18C************	7	9
18	P226R****************	7	8
19	MPX******************	7	8
20	MPX******************	7	8
22	MPX******************	7	8