1 	7	7 	45	0.94 	08.11.2022 	12:00:00
2 	3	18 	5 	0.00 	08.11.2022 	08:00:00
3 	2	9 	25	0.97 	09.11.2022 	08:00:00
4 	4	1 	33	0.60 	08.11.2022 	10:15:00
5 	5	17 	200	0.29	11.11.2022 	20:30:00
6 	6	13 	14	0.99 	13.11.2022 	11:30:00
7 	1	16 	18	0.80 	21.11.2022 	12:30:00
8 	1	10 	16	0.78 	21.11.2022 	12:30:00
9 	1	18 	24	0.40 	21.11.2022 	12:30:00
10	1	15 	8 	0.00 	21.11.2022 	12:30:00
11	7	9 	30	0.93 	22.11.2022 	21:15:00
12	7	13 	30	0.96 	22.11.2022 	21:15:00
13	7	12 	30	0.82 	22.11.2022 	21:15:00
14	2	4 	80	0.93 	01.12.2023 	06:30:00
15	2	3 	55	0.89 	01.12.2023 	06:30:00
16	2	2 	90	0.99 	01.12.2023 	12:00:00
17	2	8 	150	0.00 	02.12.2023 	12:00:00